true.

true.

true.

7404171,0.7504010200500488
6423695,0.6348450183868408
8777145,0.8375289440155029
11903657,1.0358171463012695
11635041,0.9891729354858398
3293930,0.27089595794677734
4572055,0.3873410224914551
3782128,0.3319871425628662
4157907,0.3617219924926758
11866933,1.0357680320739746
5729892,0.48093318939208984
50831,0.004538059234619141
2053446,0.15769505500793457
2335563,0.19083404541015625
739576,0.06576299667358398
4394838,0.36494898796081543
1197563,0.10848808288574219
6018026,0.5063860416412354
8932697,0.7885169982910156
6092415,0.5132408142089844
668982,0.04520297050476074
11020910,0.9471209049224854
3376341,0.26265716552734375
1059144,0.07297801971435547
11170487,1.022022008895874
7133232,0.5726661682128906
11676374,0.910398006439209
3615657,0.3513638973236084
7121717,0.6239888668060303
4020741,0.3280069828033447
1219908,0.07956910133361816
7159333,0.5553629398345947
2961312,0.20482301712036133
850257,0.05417895317077637
372040,0.02637195587158203
2430703,0.20621395111083984
7368263,0.6867330074310303
11804515,0.9611110687255859
8163224,0.7159340381622314
1162959,0.09001398086547852
1244109,0.10976886749267578
9770839,0.8601431846618652
6927699,0.5212669372558594
11581152,0.9758799076080322
2525871,0.16375303268432617
5826297,0.5565910339355469
44595,0.002841949462890625
11325682,1.0301570892333984
6155919,0.4994540214538574
8648933,0.686021089553833
12527505,1.0126960277557373
12527505,1.0220870971679688
12527505,0.9885060787200928
12527505,1.1312129497528076
12527505,1.094019889831543
12527505,1.0602240562438965
12527505,1.0706870555877686
12527505,1.0455079078674316
12527505,1.1056320667266846
12527505,1.0303359031677246
12527505,1.088958978652954
12527505,1.082395076751709
12527505,1.0192320346832275
12527505,1.0094139575958252
12527505,1.0400450229644775
12527505,1.0953648090362549
12527505,1.1611268520355225
12527505,1.0062410831451416
12527505,1.0311591625213623
12527505,0.8905401229858398
12527505,0.9494431018829346
12527505,1.0385560989379883
12527505,1.0028281211853027
12527505,1.085900068283081
12527505,1.037052869796753
12527505,1.026695966720581
12527505,1.1283090114593506
12527505,1.5168180465698242
12527505,1.396738052368164
12527505,1.160006046295166
12527505,0.9175209999084473
12527505,0.8421459197998047
12527505,0.8418548107147217
12527505,1.0973289012908936
12527505,0.9815089702606201
12527505,0.8840680122375488
12527505,0.8384699821472168
12527505,0.8233129978179932
12527505,0.8919360637664795
12527505,0.8415720462799072
12527505,0.8209280967712402
12527505,0.8259918689727783
12527505,1.0455329418182373
12527505,0.945127010345459
12527505,1.0409510135650635
12527505,1.1588881015777588
12527505,0.9394958019256592
12527505,0.8450510501861572
12527505,0.9026451110839844
12527505,0.8465480804443359
true.


