true.

true.

true.

1633782,0.18416810035705566
685633,0.07717108726501465
821882,0.08601212501525879
1406461,0.15842509269714355
1548803,0.1590430736541748
1582076,0.2113029956817627
2005323,0.1877129077911377
1302855,0.12275004386901855
670904,0.06644296646118164
1584306,0.2048799991607666
1377678,0.17060494422912598
383916,0.05149102210998535
1351456,0.1583850383758545
272287,0.025027990341186523
937153,0.1202080249786377
304980,0.038423776626586914
1295834,0.12712311744689941
1866533,0.18088603019714355
1655226,0.18799901008605957
338444,0.04185605049133301
421722,0.04333019256591797
912972,0.09863591194152832
566544,0.048727989196777344
1074900,0.08959102630615234
1330441,0.11134910583496094
625574,0.06326007843017578
401012,0.030055999755859375
510874,0.03808999061584473
1309773,0.10059118270874023
1668636,0.12044501304626465
918321,0.06561493873596191
1385183,0.13613295555114746
729367,0.07374215126037598
977508,0.08482909202575684
59269,0.005126953125
977121,0.08029294013977051
1454278,0.1294078826904297
215092,0.01456594467163086
1603312,0.13344788551330566
547426,0.04240703582763672
1855637,0.16949892044067383
1278005,0.13138198852539062
647482,0.07028508186340332
568763,0.053462982177734375
1688324,0.16490721702575684
13147,0.0007479190826416016
1126980,0.08551692962646484
1320771,0.1105799674987793
1436273,0.0995171070098877
1044456,0.089508056640625
2011005,0.15334796905517578
2011005,0.15381979942321777
2011005,0.17234206199645996
2011005,0.19521689414978027
2011005,0.2008819580078125
2011005,0.20884108543395996
2011005,0.19146108627319336
2011005,0.17157196998596191
2011005,0.2161400318145752
2011005,0.1646280288696289
2011005,0.1484699249267578
2011005,0.1889200210571289
2011005,0.19098114967346191
2011005,0.1765289306640625
2011005,0.20160388946533203
2011005,0.19229698181152344
2011005,0.16745615005493164
2011005,0.1780400276184082
2011005,0.1743030548095703
2011005,0.23279213905334473
2011005,0.20633792877197266
2011005,0.24406695365905762
2011005,0.15769600868225098
2011005,0.14774012565612793
2011005,0.16086387634277344
2011005,0.20224618911743164
2011005,0.23704290390014648
2011005,0.1807410717010498
2011005,0.17598509788513184
2011005,0.17007088661193848
2011005,0.2213129997253418
2011005,0.2350471019744873
2011005,0.18007493019104004
2011005,0.1931290626525879
2011005,0.1405949592590332
2011005,0.133897066116333
2011005,0.15532588958740234
2011005,0.14350104331970215
2011005,0.14735889434814453
2011005,0.15457892417907715
2011005,0.13333415985107422
2011005,0.1370100975036621
2011005,0.13267993927001953
2011005,0.13281702995300293
2011005,0.16878318786621094
2011005,0.1837470531463623
2011005,0.15452003479003906
2011005,0.17435121536254883
2011005,0.15325403213500977
2011005,0.13818597793579102
true.


