true.

true.

true.

2008,0.00013113021850585938
2008,0.00012803077697753906
2008,0.00012803077697753906
2008,0.00012803077697753906
2008,0.00012803077697753906
2008,0.0001270771026611328
2008,0.00012922286987304688
2008,0.00012803077697753906
2008,0.0001270771026611328
2008,0.00012803077697753906
2008,0.0001270771026611328
2008,0.00012803077697753906
2008,0.000125885009765625
2008,0.00012803077697753906
2008,0.00012803077697753906
2008,0.00012683868408203125
2008,0.0001289844512939453
2008,0.00012803077697753906
2008,0.00012803077697753906
2008,0.0001289844512939453
2008,0.00012803077697753906
2008,0.00012803077697753906
2008,0.00012493133544921875
2008,0.00012683868408203125
2008,0.000125885009765625
2008,0.0001270771026611328
2008,0.00012803077697753906
2008,0.000125885009765625
2008,0.00012683868408203125
2008,0.0001308917999267578
2008,0.0001308917999267578
2008,0.0001270771026611328
2008,0.00012803077697753906
2008,0.0001270771026611328
2008,0.00012803077697753906
2008,0.00012803077697753906
2008,0.000125885009765625
2008,0.00012683868408203125
2008,0.0001289844512939453
2008,0.0001289844512939453
2008,0.0001270771026611328
2008,0.00012683868408203125
2008,0.00012803077697753906
2008,0.00012803077697753906
2008,0.00012683868408203125
2008,0.0001270771026611328
2008,0.0001270771026611328
2008,0.00012803077697753906
2008,0.0001277923583984375
2008,0.00012803077697753906
2007,0.0001289844512939453
2007,0.00012803077697753906
2007,0.0001289844512939453
2007,0.0001277923583984375
2007,0.00012803077697753906
2007,0.0001270771026611328
2007,0.0001289844512939453
2007,0.0001289844512939453
2007,0.00013017654418945312
2007,0.00012803077697753906
2007,0.00012803077697753906
2007,0.000125885009765625
2007,0.0001289844512939453
2007,0.0001277923583984375
2007,0.00012803077697753906
2007,0.00012803077697753906
2007,0.000125885009765625
2007,0.00012803077697753906
2007,0.0001289844512939453
2007,0.000125885009765625
2007,0.00012803077697753906
2007,0.00012803077697753906
2007,0.00012803077697753906
2007,0.0001277923583984375
2007,0.00012803077697753906
2007,0.00012803077697753906
2007,0.00012803077697753906
2007,0.00012803077697753906
2007,0.00012922286987304688
2007,0.00012803077697753906
2007,0.0001270771026611328
2007,0.00012683868408203125
2007,0.0001289844512939453
2007,0.00012803077697753906
2007,0.00012993812561035156
2007,0.00012803077697753906
2007,0.0001289844512939453
2007,0.0001289844512939453
2007,0.0001609325408935547
2007,0.0002410411834716797
2007,0.0001289844512939453
2007,0.00017189979553222656
2007,0.00012993812561035156
2007,0.0001270771026611328
2007,0.00012803077697753906
2007,0.00012803077697753906
2007,0.00012803077697753906
2007,0.00012993812561035156
2007,0.00012803077697753906
2007,0.0001270771026611328
true.


