true.

true.

true.

1348724,0.08638596534729004
648710,0.041105031967163086
109513,0.006816864013671875
1373321,0.08733391761779785
1204061,0.07644009590148926
4638,0.00019788742065429688
1834211,0.11845898628234863
940967,0.0631258487701416
681077,0.0432591438293457
1670223,0.10609602928161621
537606,0.033972978591918945
1124622,0.07232880592346191
1669408,0.10639500617980957
1682931,0.1069331169128418
686439,0.04640603065490723
1274811,0.08406686782836914
582654,0.03707695007324219
627519,0.039782047271728516
1899603,0.12066912651062012
372283,0.02359294891357422
659805,0.04179883003234863
1293820,0.08209776878356934
447165,0.028319120407104492
132515,0.008293867111206055
1257429,0.07986688613891602
1417442,0.09065079689025879
1996109,0.12689995765686035
1676452,0.10652995109558105
1922947,0.12235403060913086
1497940,0.09551501274108887
484226,0.030717134475708008
1797942,0.11895084381103516
595935,0.037693023681640625
1004700,0.06379199028015137
1963062,0.12508106231689453
1424957,0.09096908569335938
1518422,0.1040809154510498
75731,0.005105018615722656
844166,0.05901193618774414
1169984,0.0745840072631836
656507,0.041606903076171875
481969,0.03060603141784668
1985382,0.12628698348999023
1048534,0.06653404235839844
811169,0.051579952239990234
1158051,0.07471299171447754
716397,0.05040693283081055
403318,0.02829909324645996
1721021,0.10943198204040527
141660,0.00886988639831543
2011005,0.12782907485961914
2011005,0.12777400016784668
2011005,0.12789416313171387
2011005,0.12829995155334473
2011005,0.13046598434448242
2011005,0.12878084182739258
2011005,0.12654399871826172
2011005,0.12649893760681152
2011005,0.1267549991607666
2011005,0.1287839412689209
2011005,0.12849688529968262
2011005,0.12747597694396973
2011005,0.12734198570251465
2011005,0.12788605690002441
2011005,0.12778496742248535
2011005,0.13446807861328125
2011005,0.12792396545410156
2011005,0.12812495231628418
2011005,0.13094210624694824
2011005,0.13763713836669922
2011005,0.1288139820098877
2011005,0.12803196907043457
2011005,0.12825393676757812
2011005,0.12782001495361328
2011005,0.12972497940063477
2011005,0.14351296424865723
2011005,0.13213515281677246
2011005,0.12796783447265625
2011005,0.1278989315032959
2011005,0.12826800346374512
2011005,0.13757991790771484
2011005,0.12941908836364746
2011005,0.1278550624847412
2011005,0.12789082527160645
2011005,0.13321399688720703
2011005,0.1394951343536377
2011005,0.12803411483764648
2011005,0.12781906127929688
2011005,0.12773919105529785
2011005,0.12777209281921387
2011005,0.13311100006103516
2011005,0.13144493103027344
2011005,0.12780189514160156
2011005,0.12780189514160156
2011005,0.13656401634216309
2011005,0.13048315048217773
2011005,0.1277170181274414
2011005,0.12776684761047363
2011005,0.12776589393615723
2011005,0.14210891723632812
true.


