true.

true.

true.

664864,0.04170703887939453
1364962,0.08550500869750977
1906934,0.12502384185791016
640006,0.041600942611694336
810582,0.05086088180541992
2012290,0.12725496292114258
179836,0.011561870574951172
1073088,0.0677940845489502
1332873,0.08384394645690918
344968,0.02168107032775879
1477471,0.0924980640411377
889639,0.0556790828704834
344153,0.021559953689575195
332063,0.02082681655883789
1328899,0.08407807350158691
739807,0.04639911651611328
1431746,0.0898139476776123
1386616,0.08887505531311035
113920,0.007831096649169922
1643423,0.10366487503051758
1355510,0.08486604690551758
720392,0.04511904716491699
1568822,0.09834098815917969
1883472,0.12089991569519043
757394,0.04742097854614258
597339,0.037506103515625
17121,0.0010590553283691406
336573,0.021080970764160156
90368,0.0057179927825927734
514061,0.0322270393371582
1530886,0.09704804420471191
215938,0.013458013534545898
1419035,0.0889887809753418
1008665,0.06319689750671387
51683,0.0032460689544677734
588009,0.036691904067993164
496362,0.03127908706665039
1940352,0.12146401405334473
1170978,0.0733029842376709
844221,0.05307722091674805
1359079,0.08510303497314453
1532549,0.09593081474304199
26339,0.0017261505126953125
966639,0.06322908401489258
1202206,0.07738804817199707
856672,0.05487203598022461
1297393,0.08250093460083008
1611314,0.10238003730773926
292726,0.01853799819946289
1874005,0.1194310188293457
2011005,0.12728309631347656
2011005,0.12789201736450195
2011005,0.12783002853393555
2011005,0.12763500213623047
2011005,0.12806296348571777
2011005,0.12720990180969238
2011005,0.13126397132873535
2011005,0.12828493118286133
2011005,0.12664008140563965
2011005,0.12684988975524902
2011005,0.12796521186828613
2011005,0.13212203979492188
2011005,0.12744998931884766
2011005,0.12673091888427734
2011005,0.12814998626708984
2011005,0.13303709030151367
2011005,0.1289670467376709
2011005,0.1275920867919922
2011005,0.12757110595703125
2011005,0.13305401802062988
2011005,0.12766599655151367
2011005,0.12781810760498047
2011005,0.12767601013183594
2011005,0.12922406196594238
2011005,0.13188886642456055
2011005,0.127547025680542
2011005,0.1282038688659668
2011005,0.1332550048828125
2011005,0.13906383514404297
2011005,0.12779498100280762
2011005,0.12765812873840332
2011005,0.12765789031982422
2011005,0.12760090827941895
2011005,0.12763500213623047
2011005,0.1275780200958252
2011005,0.12770986557006836
2011005,0.12770986557006836
2011005,0.12789702415466309
2011005,0.13311386108398438
2011005,0.12760210037231445
2011005,0.1276378631591797
2011005,0.13259100914001465
2011005,0.13066387176513672
2011005,0.1277010440826416
2011005,0.12775897979736328
2011005,0.12765908241271973
2011005,0.12755107879638672
2011005,0.129044771194458
2011005,0.1322619915008545
2011005,0.12871098518371582
true.


