true.

true.

true.

16005,0.0007419586181640625
16005,0.0005660057067871094
16005,0.0005669593811035156
16005,0.0005629062652587891
16005,0.0005640983581542969
16005,0.0005669593811035156
16005,0.0005648136138916016
16005,0.0005660057067871094
16005,0.0005660057067871094
16005,0.0005609989166259766
16005,0.0005888938903808594
16005,0.0005669593811035156
16005,0.0005679130554199219
16005,0.0005650520324707031
16005,0.0005681514739990234
16005,0.0005660057067871094
16005,0.0006101131439208984
16005,0.0005650520324707031
16005,0.0005729198455810547
16005,0.000576019287109375
16005,0.0005829334259033203
16005,0.0005769729614257812
16005,0.0005800724029541016
16005,0.0005781650543212891
16005,0.0005810260772705078
16005,0.0005819797515869141
16005,0.0005941390991210938
16005,0.0005741119384765625
16005,0.0005979537963867188
16005,0.0005660057067871094
16005,0.0005650520324707031
16005,0.0005631446838378906
16005,0.0005609989166259766
16005,0.0005738735198974609
16005,0.0005679130554199219
16005,0.0005660057067871094
16005,0.0005650520324707031
16005,0.0005660057067871094
16005,0.0005650520324707031
16005,0.0005800724029541016
16005,0.0005660057067871094
16005,0.0005650520324707031
16005,0.0005609989166259766
16005,0.0005681514739990234
16005,0.0005648136138916016
16005,0.0005691051483154297
16005,0.0005650520324707031
16005,0.0005640983581542969
16005,0.0005679130554199219
16005,0.0005619525909423828
15997,0.0005669593811035156
15997,0.0005640983581542969
15997,0.0005619525909423828
15997,0.0005629062652587891
15997,0.0005669593811035156
15997,0.0005629062652587891
15997,0.0005650520324707031
15997,0.0005621910095214844
15997,0.0005950927734375
15997,0.0005629062652587891
15997,0.0005629062652587891
15997,0.0005650520324707031
15997,0.0005631446838378906
15997,0.0005629062652587891
15997,0.0005638599395751953
15997,0.0005669593811035156
15997,0.0005640983581542969
15997,0.0005640983581542969
15997,0.0005838871002197266
15997,0.0005660057067871094
15997,0.0005619525909423828
15997,0.0005648136138916016
15997,0.0005660057067871094
15997,0.0005609989166259766
15997,0.0005629062652587891
15997,0.0005900859832763672
15997,0.0005660057067871094
15997,0.0005650520324707031
15997,0.0005691051483154297
15997,0.0005638599395751953
15997,0.0005629062652587891
15997,0.0005629062652587891
15997,0.0005669593811035156
15997,0.0005660057067871094
15997,0.0005640983581542969
15997,0.0005671977996826172
15997,0.0005660057067871094
15997,0.0005640983581542969
15997,0.0005650520324707031
15997,0.0005638599395751953
15997,0.0005650520324707031
15997,0.0005650520324707031
15997,0.0005698204040527344
15997,0.0005671977996826172
15997,0.0005781650543212891
15997,0.0005679130554199219
15997,0.0005660057067871094
15997,0.0005621910095214844
15997,0.0005650520324707031
15997,0.0005669593811035156
true.


