true.

true.

true.

2007,0.0001308917999267578
2007,0.00012803077697753906
2007,0.00012803077697753906
2007,0.00013208389282226562
2007,0.0001277923583984375
2007,0.00013303756713867188
2007,0.00012922286987304688
2007,0.00013208389282226562
2007,0.0001289844512939453
2007,0.00013208389282226562
2007,0.0001270771026611328
2007,0.0001270771026611328
2007,0.0001289844512939453
2007,0.00012683868408203125
2007,0.0001289844512939453
2007,0.0001289844512939453
2007,0.0001270771026611328
2007,0.0001709461212158203
2007,0.00012803077697753906
2007,0.00012803077697753906
2007,0.00012803077697753906
2007,0.00012803077697753906
2007,0.0001277923583984375
2007,0.00012803077697753906
2007,0.00012803077697753906
2007,0.0001270771026611328
2007,0.00012803077697753906
2007,0.00012683868408203125
2007,0.0001270771026611328
2007,0.0001270771026611328
2007,0.00012803077697753906
2007,0.00012683868408203125
2007,0.00012803077697753906
2007,0.00012803077697753906
2007,0.0001277923583984375
2007,0.00012612342834472656
2007,0.0001480579376220703
2007,0.00014519691467285156
2007,0.0001289844512939453
2007,0.00012803077697753906
2007,0.00014519691467285156
2007,0.00012993812561035156
2007,0.0001289844512939453
2007,0.0001289844512939453
2007,0.00013399124145507812
2007,0.0001289844512939453
2007,0.0001289844512939453
2007,0.0001270771026611328
2007,0.0001289844512939453
2007,0.0001289844512939453
2006,0.0001289844512939453
2006,0.0001277923583984375
2006,0.0001270771026611328
2006,0.00012803077697753906
2006,0.0001289844512939453
2006,0.0001289844512939453
2006,0.0001277923583984375
2006,0.00012803077697753906
2006,0.00012803077697753906
2006,0.00012683868408203125
2006,0.0001289844512939453
2006,0.00012803077697753906
2006,0.00012683868408203125
2006,0.00012803077697753906
2006,0.00012922286987304688
2006,0.00012803077697753906
2006,0.0001289844512939453
2006,0.0001289844512939453
2006,0.0001289844512939453
2006,0.0001270771026611328
2006,0.0001289844512939453
2006,0.0001277923583984375
2006,0.0001289844512939453
2006,0.0001270771026611328
2006,0.00012922286987304688
2006,0.0001289844512939453
2006,0.00012803077697753906
2006,0.0001289844512939453
2006,0.0001289844512939453
2006,0.0001289844512939453
2006,0.00012803077697753906
2006,0.0001289844512939453
2006,0.0001289844512939453
2006,0.00012803077697753906
2006,0.00013017654418945312
2006,0.00012803077697753906
2006,0.00012803077697753906
2006,0.0001277923583984375
2006,0.00014090538024902344
2006,0.0001289844512939453
2006,0.00012993812561035156
2006,0.0001289844512939453
2006,0.0001289844512939453
2006,0.00012803077697753906
2006,0.0001289844512939453
2006,0.00013208389282226562
2006,0.00012803077697753906
2006,0.0001289844512939453
2006,0.00012803077697753906
2006,0.0001270771026611328
true.


